999 509
352464 25 42 49 9
387476 14 44 19 5
361965 57 21 50 9
683138 21 35 60 10
419955 71 57 72 7
455732 97 73 3 5
781149 87 64 81 10
958297 12 81 93 9
792118 64 40 45 7
678515 62 73 88 8
764112 38 14 34 5
618501 62 80 79 6
707753 27 29 95 1
655781 71 89 92 3
496629 48 90 73 3
762492 74 65 86 9
518932 71 73 34 1
813268 59 42 87 9
233233 58 82 87 10
316430 65 4 97 5
391647 2 7 21 7
621026 10 74 18 8
104215 46 37 18 6
847307 41 12 84 5
637844 75 57 68 5
213544 47 97 33 6
610482 24 84 89 3
931731 24 33 6 4
480584 39 53 49 8
385428 3 55 100 6
868183 6 54 95 10
712025 6 72 33 3
201831 32 19 46 2
816811 22 39 92 5
578304 75 51 9 5
655230 39 59 28 5
738932 31 59 29 9
981206 50 75 31 8
123147 33 16 22 8
446600 69 71 100 8
195568 72 76 36 3
727084 9 85 31 7
833578 2 19 30 4
465566 77 23 92 3
159113 9 94 84 5
159109 48 61 91 4
260241 35 78 50 4
379509 39 81 81 2
554907 11 51 70 4
791364 100 4 29 4
816953 93 50 51 3
338265 4 90 28 2
690292 16 76 85 10
335472 64 52 33 10
637797 6 82 100 5
855826 89 88 75 3
226678 52 40 10 2
681034 51 78 51 4
950166 21 21 12 5
177648 35 18 56 5
495606 11 79 10 2
984774 82 39 18 6
119035 95 91 46 2
835416 99 4 26 4
907337 17 63 30 3
589762 56 33 19 2
872761 66 9 61 5
310424 78 25 57 6
564461 79 15 96 8
469598 16 84 49 4
458937 80 27 38 9
675523 16 39 20 8
326372 63 48 63 1
936519 52 10 63 1
807501 33 16 79 6
156050 50 37 8 6
558416 43 44 18 10
365979 49 3 97 1
138016 70 97 24 10
179509 83 54 45 9
303163 2 69 52 3
595426 9 5 25 8
394720 1 37 33 9
334180 78 23 27 9
554903 83 30 51 10
951711 59 21 6 10
572479 71 40 87 1
136503 64 7 26 6
239115 83 13 38 9
198104 2 93 12 8
439174 25 19 37 10
308870 93 71 80 4
658447 35 70 5 2
295317 77 7 6 10
255081 58 42 31 3
728755 4 87 16 2
750294 43 64 85 7
918570 12 45 64 9
555671 43 63 65 8
943210 22 50 9 3
533679 59 79 49 5
787204 94 94 19 7
317874 90 99 37 2
714963 54 35 4 8
417958 73 13 83 9
870648 77 85 56 10
111420 21 80 27 8
454857 27 54 68 4
680696 26 79 53 3
147454 12 53 13 6
705523 19 33 64 9
459140 84 73 82 6
589071 74 50 37 3
903901 63 98 37 1
330317 29 11 66 6
217061 12 81 86 7
892410 1 99 85 3
837124 25 8 72 6
881716 4 83 4 5
506680 80 13 81 1
905911 67 86 59 2
442684 32 67 63 3
712550 47 11 92 4
518893 18 30 42 8
950156 98 37 67 8
258027 27 72 90 6
827026 54 63 2 10
824716 27 43 61 6
968630 96 75 63 3
396029 34 37 15 10
101159 90 74 12 2
417341 79 83 75 9
670372 13 69 98 1
300265 29 20 81 10
662485 5 16 34 10
607854 47 96 76 3
168702 38 88 70 3
846227 61 89 81 8
817173 77 19 94 10
830473 80 98 64 4
663768 98 28 46 1
461642 32 63 55 7
833991 79 53 57 2
850806 51 75 77 1
140273 38 72 71 10
124671 58 61 20 10
306427 56 12 64 10
304994 89 90 56 1
356974 9 1 4 4
489641 97 37 95 4
893985 29 60 70 4
521812 50 9 56 4
744436 87 35 64 4
316551 68 5 86 4
716024 46 25 48 4
827814 74 50 53 5
663965 64 14 94 8
195385 82 78 92 10
966012 70 59 62 9
442533 37 29 94 10
601789 75 77 52 4
204659 36 58 19 10
534748 73 2 31 9
518423 84 34 16 3
901036 81 89 16 10
687710 66 62 17 2
856287 17 65 9 2
430452 76 75 55 9
117610 39 6 61 5
900247 97 41 8 3
368650 44 11 81 4
408457 24 90 89 2
592975 63 37 22 3
421018 28 62 47 5
350850 58 52 77 3
788961 99 37 74 1
580051 8 63 73 7
891080 94 32 92 1
931812 57 99 2 7
363232 66 26 99 5
651117 77 80 91 6
135918 90 76 89 6
149698 94 4 58 4
877990 74 100 19 2
322132 72 51 20 8
699235 63 78 29 2
381470 13 14 1 5
377219 87 50 52 3
599821 98 52 4 7
876554 43 90 55 6
959589 95 57 47 1
656153 36 26 66 7
732765 31 96 11 9
991031 62 88 86 9
599463 42 81 23 5
286630 82 85 60 3
662176 82 53 90 6
255072 9 82 94 2
907073 1 32 53 1
339465 59 17 60 1
909594 41 67 67 6
628397 18 53 33 1
826395 27 30 82 4
640736 19 89 83 10
816918 38 61 14 3
482761 30 60 22 10
809225 57 53 96 10
556416 19 37 49 3
961105 63 44 63 3
921932 9 99 81 10
611041 31 76 83 5
457658 76 90 76 10
589825 40 52 74 8
632525 60 57 92 4
515044 12 92 70 7
155729 1 62 45 6
664556 10 92 98 10
539600 92 76 59 10
527074 77 100 57 3
522639 8 40 40 2
493900 67 80 69 5
842205 78 53 28 4
940130 88 54 96 3
241421 90 14 82 9
611634 37 76 73 6
559094 34 10 90 1
308325 67 65 32 2
843100 44 83 50 5
140089 22 1 93 10
912701 13 28 34 4
382036 99 20 40 7
708366 78 73 86 10
743793 62 21 81 8
485788 21 38 85 5
532924 14 80 13 9
294106 22 49 29 4
760398 16 14 99 6
902799 69 77 74 10
843514 60 66 45 6
252986 15 79 39 4
182222 56 47 50 6
932201 48 5 15 3
282890 34 92 68 7
548061 41 13 11 9
142725 100 81 18 4
147915 7 37 77 5
357665 45 53 17 7
193172 5 11 82 10
497015 3 85 19 9
695722 21 1 37 2
241852 69 86 89 3
316038 44 15 8 4
574238 17 48 55 1
716544 80 26 6 6
953995 57 50 19 3
533264 24 91 70 2
964300 93 29 92 1
679541 78 62 100 6
289617 37 75 42 5
813743 62 42 58 10
761586 54 25 49 6
809877 89 59 50 5
457486 99 98 60 3
627933 33 55 28 9
553250 79 8 98 4
456273 97 25 10 9
355778 82 25 56 5
820580 40 90 48 8
500739 88 24 91 9
732610 20 56 29 6
427463 84 16 9 1
315562 19 27 20 9
984886 46 94 47 6
378102 98 93 87 7
659512 31 47 32 10
834089 4 15 86 1
756679 84 77 78 4
610187 27 72 6 1
967917 32 68 70 9
298882 26 37 55 5
718887 61 77 42 7
210802 42 92 67 10
254873 33 5 5 6
603060 57 28 25 3
630104 19 80 47 4
254157 48 7 47 6
458183 9 97 14 5
309983 12 97 90 1
933705 3 88 49 6
532514 68 87 69 4
645211 62 66 85 8
223114 71 49 65 4
409947 54 18 22 3
112932 11 25 33 5
605460 59 64 25 1
432638 43 24 24 3
871169 92 90 83 5
400119 74 61 100 9
465879 34 74 1 4
326497 44 58 60 10
445016 56 64 85 4
503010 72 41 32 3
955686 93 53 13 1
543743 24 58 57 6
465136 49 39 50 6
210574 52 60 9 1
997986 80 51 84 7
243311 32 95 75 3
272327 89 75 81 4
175356 30 15 91 1
610032 75 24 77 10
608463 10 43 39 2
529085 87 67 15 8
918838 50 64 78 8
992289 84 91 81 10
783350 38 2 19 1
544524 46 99 54 10
110012 76 94 82 9
903074 29 65 62 8
722175 87 68 86 3
492861 1 79 71 9
115309 43 34 4 1
262916 70 61 15 10
549322 14 72 54 10
982892 34 22 58 7
535706 39 45 82 7
662212 9 52 65 10
601138 70 95 74 8
890986 70 74 92 3
546229 98 74 55 8
511764 84 55 93 1
961091 73 49 78 2
615342 90 97 40 1
462839 86 46 5 10
566840 1 5 11 3
579469 9 95 70 4
118446 78 97 11 7
491648 74 38 3 6
587826 95 26 18 10
451498 53 50 10 2
521081 40 62 26 3
312552 11 67 24 3
661166 12 79 25 10
525017 61 24 6 9
925703 51 89 58 10
539822 20 9 9 9
269041 74 61 60 8
981693 65 16 24 6
822577 34 31 72 7
301160 26 69 93 8
930429 20 43 86 2
245198 70 57 83 3
315871 10 27 22 10
763252 85 48 11 4
743176 80 27 85 10
622583 44 65 80 9
276293 85 85 16 2
507697 84 74 39 10
600523 95 3 14 10
845587 91 72 92 4
309117 73 60 6 3
140407 31 12 20 2
314004 20 88 86 9
406632 65 68 31 7
328512 26 34 33 6
361436 75 82 28 10
887754 56 51 95 1
434469 82 91 93 2
176196 16 28 91 8
177355 13 74 24 5
822797 72 33 30 9
700594 4 78 91 4
288855 91 58 55 5
633122 36 44 56 7
950978 18 91 64 3
116952 64 54 43 9
587940 28 7 48 7
105021 95 90 5 10
510438 72 47 48 3
519147 54 90 76 10
688767 75 25 66 8
960280 36 92 75 7
691150 74 86 13 4
385022 49 98 21 3
403664 44 5 19 7
173812 80 25 84 2
177848 6 75 23 3
720437 65 68 72 7
139193 23 21 9 10
203621 3 74 100 4
100954 71 73 25 7
210772 76 4 9 9
100163 33 22 14 8
198027 72 13 95 7
512856 1 46 100 2
646839 48 54 5 7
735580 59 39 67 6
484328 63 58 53 10
774901 17 61 7 8
316389 56 83 86 3
794664 16 72 5 4
566497 61 45 92 4
444234 73 74 15 9
514724 77 97 48 10
867913 98 93 75 3
580935 56 15 72 1
576803 50 30 50 6
718774 41 75 58 8
478994 93 100 95 8
534815 97 41 97 10
970897 85 75 25 6
515531 16 16 14 7
592113 24 52 64 8
315407 38 67 56 5
413426 36 13 78 10
899040 2 44 18 7
636472 10 86 7 6
273047 6 92 33 5
354384 40 2 68 4
504877 60 23 2 10
624632 51 46 8 6
456692 91 39 97 10
859539 19 41 58 3
683099 93 85 79 9
529147 75 92 31 1
639278 90 82 95 10
745019 7 85 94 8
890677 72 26 18 6
245903 17 85 15 3
322223 7 64 15 10
928557 58 30 75 6
935562 57 22 29 2
974832 78 60 30 2
823942 28 10 6 10
542058 87 34 88 5
883602 88 82 69 3
585357 83 97 5 10
841546 42 48 59 9
942366 6 86 91 10
355597 36 89 95 3
878046 26 75 14 6
577878 57 51 51 8
926735 31 11 5 8
608659 35 31 98 3
495182 39 25 87 6
180461 33 45 68 10
774289 93 76 46 9
458026 83 12 85 8
181785 51 86 70 2
872719 97 99 11 3
521078 17 63 88 1
987827 54 17 62 7
762659 52 57 26 8
167885 72 37 30 8
134034 40 32 73 7
988091 47 42 12 6
900893 25 13 11 7
220209 69 90 91 7
784297 31 96 16 1
275524 56 19 15 5
612593 30 44 43 6
421382 96 17 36 3
989309 19 38 91 8
383255 7 45 78 9
588970 35 61 85 5
779307 11 55 4 3
152731 91 37 12 10
977956 91 56 44 10
807408 96 28 65 2
873736 73 41 74 2
627259 100 95 47 8
951230 15 81 72 8
817380 88 50 93 10
750503 66 92 41 5
163100 36 6 99 6
240830 60 73 7 4
148864 54 41 58 6
662145 6 28 78 8
463061 29 18 52 5
664933 70 24 70 5
918189 16 91 13 8
354162 12 96 47 10
717832 34 39 80 7
170984 66 33 39 9
709376 96 53 2 9
476788 89 30 45 5
931128 77 24 81 1
328400 61 11 19 4
799368 38 39 86 5
940744 59 31 74 8
552129 97 86 84 1
300182 38 10 75 6
888165 78 45 5 3
211734 31 56 55 3
303722 64 69 10 3
328949 1 3 84 6
637830 50 35 4 4
451002 56 42 67 3
662571 64 52 21 10
610995 59 6 53 5
285861 94 23 70 3
239475 6 13 94 3
929689 21 72 35 10
277911 100 50 21 6
520543 32 53 3 5
648489 42 58 62 10
509090 92 84 76 8
813030 42 75 70 10
128815 95 73 68 7
841350 45 39 22 5
227760 6 10 68 3
130965 84 39 94 1
518910 26 3 20 4
125146 53 25 92 6
793119 63 44 74 5
248209 14 1 64 4
682875 23 6 85 10
830395 23 99 67 4
711797 17 46 60 7
518778 88 58 47 9
126906 45 97 62 9
271416 16 2 98 6
431243 83 29 67 6
729842 11 85 23 5
227251 15 53 38 6
317660 100 59 67 7
678544 29 75 94 5
121895 71 41 83 8
500905 29 45 85 8
359675 83 100 36 9
247140 98 31 27 3
955836 42 77 55 1
422500 13 25 73 7
439025 15 4 59 4
645302 34 41 80 9
322457 65 98 51 3
254601 93 55 58 10
480185 60 90 18 7
609920 1 9 59 7
154370 77 30 45 8
197479 3 45 55 6
615162 92 49 84 8
300266 99 30 92 10
533114 59 55 68 6
251841 94 19 12 1
388198 3 10 30 2
878580 90 49 48 5
820314 9 54 53 10
811523 19 41 100 6
645828 57 8 18 6
794933 79 87 28 7
781638 46 55 10 3
336115 8 76 69 10
707763 19 3 82 5
862945 68 35 22 5
273921 57 13 25 5
543184 96 100 93 2
503586 19 15 17 7
452780 12 77 95 7
826627 59 24 85 3
607199 58 88 93 3
522496 16 4 14 4
845468 81 28 32 10
803877 59 73 23 4
443251 49 21 12 2
996881 11 54 31 10
302527 60 7 80 2
434686 68 72 66 10
764575 34 14 39 6
501917 92 19 7 10
141495 10 46 5 6
923480 44 93 62 8
642607 91 80 80 4
430580 13 30 22 3
981861 12 44 24 5
211565 57 42 57 3
708433 84 52 38 3
657977 69 51 27 5
194160 62 92 76 8
135370 36 60 9 3
421589 27 40 68 9
176847 89 84 88 8
321732 54 52 76 9
228206 53 64 24 2
102836 91 68 43 10
534095 56 17 30 4
677608 15 57 59 4
676208 49 72 55 2
289040 60 70 69 1
335307 92 17 68 7
202304 57 66 83 7
387380 100 15 84 9
511755 13 53 67 2
891200 18 21 76 3
170445 40 10 70 6
790209 80 95 11 1
114692 25 71 71 7
213368 55 19 19 10
749101 55 9 60 8
295626 78 21 14 3
343391 70 53 87 10
945835 36 95 58 3
671003 97 65 72 9
693941 30 29 57 8
555565 16 31 48 8
766568 6 77 30 7
694116 92 41 2 8
164303 73 73 4 5
254223 60 50 22 1
626847 53 80 61 2
370679 35 72 45 3
700691 16 36 91 9
825628 74 74 48 2
287206 42 7 87 9
758977 89 14 14 5
189016 40 13 79 4
268818 93 25 42 2
764778 3 67 25 9
241004 24 19 98 1
631443 59 17 81 7
316572 39 80 60 5
139371 83 20 1 10
514403 95 84 74 10
777326 36 80 86 9
545428 1 87 96 5
208151 96 24 42 1
686192 85 29 42 10
281875 46 33 14 10
944121 5 12 26 4
135783 28 85 38 3
894094 96 28 50 10
496417 52 79 80 4
501533 94 19 98 7
785145 92 71 79 5
645254 18 39 35 10
535070 90 56 72 10
810698 13 60 29 3
530387 86 73 49 9
884654 17 57 17 6
242511 4 89 80 1
458389 6 86 97 2
576469 81 9 93 8
432865 89 56 57 2
728487 25 7 43 4
917867 15 81 98 1
216604 76 91 54 8
233896 6 93 71 8
782507 90 90 61 8
458152 29 58 29 8
310973 42 74 85 4
489748 91 33 75 1
464892 100 69 25 4
676303 60 62 57 4
964831 73 64 79 5
538427 76 37 88 4
466534 87 58 69 5
777864 16 88 9 7
276463 72 16 29 4
430275 35 55 50 4
646365 8 27 11 10
213935 84 40 28 3
550943 45 60 28 3
966489 50 94 50 5
698024 44 77 60 2
128301 63 15 36 9
670885 18 78 71 4
164732 54 75 5 10
883664 82 20 16 6
537447 46 12 44 5
420702 98 40 65 8
755602 31 35 67 1
936887 63 60 23 10
927928 60 89 88 1
348823 8 1 50 8
790447 15 16 2 2
560313 66 11 65 2
139815 4 8 44 3
191357 33 99 27 4
719349 36 74 21 9
223552 32 83 34 8
969029 86 74 40 6
439751 16 69 100 10
812264 60 61 39 2
409945 83 24 17 6
572468 16 57 53 2
355699 1 33 6 4
292345 29 63 70 2
210590 75 11 38 9
778474 50 20 49 8
458020 98 13 78 4
223478 45 20 53 5
643212 35 65 86 10
591764 25 51 7 2
560200 61 42 77 4
619713 17 30 45 10
268175 77 43 70 9
251050 13 38 48 8
408020 51 25 87 9
122069 27 54 88 5
446346 82 90 2 6
745276 59 12 34 5
256766 75 16 38 5
544283 27 38 27 10
560636 47 93 86 5
445218 23 52 69 9
671059 26 97 50 1
808428 59 48 45 8
714548 19 72 94 4
303247 74 9 47 9
446082 71 80 10 8
321499 54 19 67 3
686101 38 74 80 9
962851 52 49 8 1
338686 90 70 71 4
348240 3 86 43 8
515800 27 32 13 6
130067 22 77 8 9
158359 57 40 6 4
678853 41 35 24 5
449131 32 40 22 8
882015 94 15 90 7
601661 49 48 98 5
763953 52 36 76 2
915989 19 5 43 7
162798 68 24 33 3
596639 12 15 73 9
772254 71 81 64 8
245021 41 23 55 10
758961 17 29 64 10
461853 54 49 74 1
859813 21 12 20 8
274481 5 98 8 10
260207 88 60 88 4
242575 82 96 49 8
607488 63 41 36 10
653966 1 70 6 4
756589 61 91 92 9
701387 15 27 94 7
440456 62 22 44 7
927100 56 17 12 2
122544 22 9 57 6
992870 18 51 59 10
332042 18 8 21 8
185697 11 23 88 10
810906 94 69 2 3
147191 89 71 9 6
324586 51 43 10 10
268502 10 57 61 3
811290 53 58 18 10
634318 44 63 90 2
110590 16 34 65 8
962080 92 2 68 9
593303 40 82 72 4
402706 73 41 7 6
505763 97 98 63 2
851716 35 7 75 7
249172 46 78 72 10
110375 34 64 17 10
160936 19 78 11 7
512358 60 88 12 8
569350 43 43 25 10
607571 36 39 14 7
866544 10 3 71 6
564563 95 69 30 8
591427 93 23 74 5
154458 73 27 89 7
182325 85 73 52 9
151565 32 41 69 9
123533 30 9 49 1
586677 40 37 41 9
748208 74 35 93 2
310177 18 16 72 5
208286 61 15 67 7
150858 82 8 13 8
925544 14 18 48 6
758731 47 83 84 4
165035 69 21 100 1
690869 77 12 4 2
951715 37 52 53 5
260187 16 92 13 3
436590 13 43 12 9
250856 21 85 69 10
294479 52 10 4 5
246866 75 91 99 10
438300 8 71 90 1
582703 19 58 38 9
708148 40 47 95 1
605178 33 84 56 3
671312 11 3 41 7
350686 74 80 65 8
795028 93 34 50 5
514851 69 55 96 5
586942 96 37 88 6
887066 29 84 86 6
990927 45 50 83 9
962097 71 74 90 5
809619 67 65 27 4
395957 45 72 2 4
289521 70 69 38 9
261248 57 6 75 8
197951 40 95 97 5
105405 72 91 14 4
554697 88 23 7 2
948535 10 4 87 2
880806 13 1 66 4
853109 84 56 93 1
468130 18 68 55 5
588622 90 11 80 7
117891 24 23 66 3
488298 8 85 39 6
349411 100 46 41 7
364088 61 68 64 3
721869 70 75 31 6
356986 53 40 87 6
767129 77 15 71 9
625391 75 36 76 10
953467 73 74 76 4
934810 30 15 34 3
636240 60 62 41 7
572682 53 19 88 3
338413 25 69 7 4
698100 32 82 72 4
530983 54 26 53 4
901718 48 69 19 9
212737 50 83 57 8
189150 11 75 76 7
955644 81 62 11 8
669250 89 81 99 5
368320 21 4 73 7
626362 64 55 41 8
832355 74 52 72 5
307661 68 30 86 1
358194 37 15 78 8
605799 84 64 36 9
449448 91 62 38 10
187933 61 89 77 8
989758 55 46 4 6
653662 2 92 49 4
789025 47 17 29 2
750021 61 5 25 4
192899 62 85 42 6
408323 92 97 90 9
850959 2 77 51 8
659937 4 97 3 6
702453 19 60 71 6
403965 54 91 100 10
836237 47 84 9 7
920076 28 60 81 5
421855 52 81 48 4
115350 83 84 19 7
613415 77 32 71 10
751979 31 43 33 3
977907 78 43 56 6
126248 63 80 56 2
845082 2 70 33 3
257073 23 37 94 6
917336 26 43 63 7
978271 95 79 30 8
736090 81 23 12 2
134794 78 19 23 8
164998 32 6 24 7
248676 26 21 55 2
618646 37 96 15 5
679514 5 52 2 2
515662 91 1 24 4
502444 81 49 50 5
527001 9 13 85 4
430539 35 70 16 1
125929 60 13 25 3
803631 49 3 76 3
319360 45 95 45 7
945963 12 39 97 4
304474 26 53 50 6
206889 15 36 9 8
495891 59 92 76 2
625063 28 71 31 2
940180 13 6 49 9
882398 5 73 16 1
764794 90 1 55 7
834669 81 69 35 8
928449 16 45 18 7
283334 69 99 65 7
177186 24 51 8 9
916111 53 69 34 2
782735 82 92 39 1
207590 55 55 77 10
183838 21 63 37 10
524489 40 57 56 5
569986 97 47 58 9
582656 56 88 22 7
606736 42 10 1 9
939255 57 10 95 3
649462 86 95 36 5
193848 35 15 42 9
668876 56 25 23 6
360019 37 24 42 7
856104 61 13 41 4
642890 60 51 50 8
365137 73 42 49 6
310442 90 71 26 9
782003 51 46 8 2
487447 51 55 73 10
143495 52 80 52 6
800780 74 4 91 1
559029 64 9 22 7
359868 97 49 85 5
554922 6 61 100 7
561858 69 91 94 5
252345 17 95 4 3
343883 74 8 35 1
794848 85 62 28 3
901599 30 6 52 4
315823 41 40 40 2
122572 59 21 24 10
201914 17 53 42 9
662759 73 14 49 3
495457 25 96 5 4
358239 56 77 57 7
181671 69 26 31 8
397677 7 69 66 2
165899 96 2 45 9
795246 5 28 3 6
419476 21 66 18 4
223270 27 98 56 2
296652 100 36 8 4
461206 60 97 70 1
542288 1 34 90 9
846538 43 80 72 5
826580 73 34 46 5
976265 87 18 8 3
241197 28 23 36 2
394454 73 15 44 3
395739 32 52 99 10
754164 37 33 60 3
624217 88 100 85 5
338562 47 3 26 6
589640 45 82 55 4
227572 84 47 85 2
999976 90 17 81 6
413341 79 38 1 2
920023 79 3 53 8
639553 31 84 65 2
318265 82 47 72 7
682200 44 3 54 9
768312 11 44 97 10
428269 52 27 4 1
487866 73 71 32 8
589423 49 18 51 8
284823 30 80 33 9
385814 1 69 74 9
807746 32 91 49 9
267131 99 65 79 2
723115 54 48 30 4
900401 36 29 60 10
934932 63 9 94 7
204980 47 33 45 7
194460 94 4 29 6
329176 26 89 87 8
433028 33 49 91 2
768286 7 10 45 3
862147 22 64 30 1
705112 20 59 6 3
827022 66 31 99 4
673373 86 23 15 5
672668 53 64 24 1
317788 15 37 64 5
880173 24 44 59 1
220819 41 34 42 1
365280 93 92 18 6
407510 29 29 10 8
508389 69 66 98 9
203042 15 74 82 4
263902 93 43 12 6
524851 97 17 53 1
423968 34 30 73 9
421335 43 11 61 1
850355 68 43 7 1
989397 45 55 29 7
423067 22 67 79 7
883508 18 88 6 6
321721 51 60 81 4
387458 28 62 28 4
407669 80 37 53 2
814675 64 78 53 3
931412 49 96 25 3
747698 21 91 37 7
808810 73 64 72 7
579303 27 69 64 8
602059 26 7 70 10
349168 65 30 36 7
311209 66 25 95 7
372150 84 40 37 8
443090 2 53 93 8
457022 59 10 85 5
130755 96 86 58 6
633633 37 25 77 9
892504 7 1 3 5
496163 20 2 11 6
844857 91 37 68 7
